500              -->5                                             1----415 ----------------450
500                                                                   2----510 ----------------550
500                                                                   3----600 ----------------625
500                                                                   4----650 ----------------700

490              -->6
510
520
530

500                 -->7
550
570
580

490                   -->8
550
630
610

490                       -->9
570
640
650

470                        -->10
560
650
670

440                        -->11
540
640
680

410                        -->12
520
630
690

380                          -->13
500
620
700

350                            -->14
480
610
710

320                              -->15
460
600
720

290                                -->16
440
590
730

260                                  -->17
420
580
740

